<<<<<<< HEAD
﻿month,base,adjusted,trend
01/2019,0,613099.2717,0
02/2019,613099.2717,858338.9804,0.4
03/2019,1471438.252,1348818.398,0.571
04/2019,2820256.65,2207157.378,0.636
05/2019,5027414.028,3310736.067,0.5
06/2019,8338150.095,3923835.339,0.185
=======
﻿month,base,adjusted,trend
01/2019,0,613099.2717,0
02/2019,613099.2717,858338.9804,0.4
03/2019,1471438.252,1348818.398,0.571
04/2019,2820256.65,2207157.378,0.636
05/2019,5027414.028,3310736.067,0.5
06/2019,8338150.095,3923835.339,0.185
>>>>>>> 73366b2d07cb1562efbe6d9052de40e3dadf03ad
